[671930.9640999777, 3559376.3970241616]
[671660.3851929683, 3546840.6176224034]
[673676.3646278039, 3553858.0056880014]
[673250.7307079288, 3534735.790357306]
[673250.7307079288, 3534735.790357306]
[664664.2897985816, 3551443.662118267]
[665784.2928779606, 3545903.609519137]
[670139.03445006, 3546122.9007781297]
[665713.1935245584, 3546396.943068146]
[669249.9887832988, 3549048.44969801]
[677489.4237559697, 3538264.0098638805]
[667403.2576188646, 3553762.1310220934]
[666010.4678384138, 3554045.1674548946]
[667093.9912040522, 3553867.4286640864]
[669113.6216474185, 3548405.6711725863]
[665504.9060004362, 3540044.5572749963]
[669374.8788573288, 3547609.4073499944]
[664763.5283344593, 3548375.5746578267]
[673583.417551894, 3557178.4787037135]
[672529.1082505434, 3555481.5717672245]
[669180.9012607959, 3549841.3020497537]
[677896.7773920794, 3557193.275575992]
[674884.044369693, 3559464.827877369]
[669642.1815768975, 3551114.1168360854]
[670538.9919649607, 3553726.0359246316]
[666636.1312033203, 3540124.3052312895]
[673398.8570693212, 3545852.181542243]
[667598.8498024072, 3547351.2397032217]
[669422.3257888763, 3546799.2880237806]
[671052.9867570954, 3556302.334800109]
[673072.6570474452, 3538196.545245213]
[667431.5409378184, 3549807.1726066293]
[667431.5409378184, 3549807.1726066293]
[667431.5409378184, 3549807.1726066293]
[667431.5409378184, 3549807.1726066293]
[667431.5409378184, 3549807.1726066293]
[667431.5409378184, 3549807.1726066293]
[667431.5409378184, 3549807.1726066293]
[667431.5409378184, 3549807.1726066293]
[667431.5409378184, 3549807.1726066293]
[667431.5409378184, 3549807.1726066293]
[667431.5409378184, 3549807.1726066293]
[667431.5409378184, 3549807.1726066293]
[667431.5409378184, 3549807.1726066293]
[667431.5409378184, 3549807.1726066293]
[667431.5409378184, 3549807.1726066293]
[667431.5409378184, 3549807.1726066293]
[667431.5409378184, 3549807.1726066293]
[667431.5409378184, 3549807.1726066293]
[667431.5409378184, 3549807.1726066293]
[667431.5409378184, 3549807.1726066293]
[667431.5409378184, 3549807.1726066293]
[667431.5409378184, 3549807.1726066293]
[667431.5409378184, 3549807.1726066293]
[667431.5409378184, 3549807.1726066293]
[667431.5409378184, 3549807.1726066293]
[667431.5409378184, 3549807.1726066293]
[667431.5409378184, 3549807.1726066293]
[667431.5409378184, 3549807.1726066293]
[676362.5021921499, 3546276.364694254]
[673088.5593820371, 3534541.476228214]
[676362.5021921499, 3546276.364694254]
[676362.5021921499, 3546276.364694254]
[678493.4113789299, 3559231.040862523]
[676362.5021921499, 3546276.364694254]
[675652.2637917751, 3550309.4930106285]
[666033.6470495034, 3553552.894462369]
[660312.1224539247, 3545145.184023243]
[665559.3038560135, 3556097.157320893]
[670468.4991253295, 3548713.688056428]
[679143.1121591916, 3556582.5027209413]
[668850.9485759578, 3555635.948174336]
[668218.9198407982, 3557348.362000498]
[668512.3513312747, 3548053.5441787974]
[661445.3456986931, 3544720.234920761]
[677206.3234358567, 3549409.9432959096]
[668512.3513312747, 3548053.5441787974]
[664097.6531639812, 3543787.1317265723]
[671996.152053179, 3558928.150629063]
[664097.6531639812, 3543787.1317265723]
[666992.0552281352, 3545264.8190267673]
[665958.1448793046, 3537541.7740960084]
[670680.4598417361, 3549383.471392673]
[673563.4838323706, 3560020.023155501]
[659085.1085504836, 3538178.893675375]
[668941.3944692386, 3552818.9813826797]
[673895.9874670666, 3534788.9420301085]
[674385.6231679384, 3545930.789041804]
[674385.6231679384, 3545930.789041804]
[666271.5547361061, 3549483.68434384]
[666116.779622061, 3556101.677466168]
[682084.6051840663, 3556750.078087768]
[682033.2893345741, 3560654.1576974066]
[672297.1479576754, 3549958.398057231]
[666856.3053138193, 3555252.202755309]
[679159.800544431, 3550152.141987075]
[681579.6773473691, 3560130.274983092]
[674850.8427716759, 3545260.515585345]
[668514.391241198, 3547690.493916843]
[665833.0997846795, 3555334.440705679]
[662318.2586491725, 3539123.8238042374]
[674349.7494968274, 3557641.810407715]
[679159.800544431, 3550152.141987075]
[671415.2607658808, 3537817.085887574]
[674385.6231679384, 3545930.789041804]
[677493.4817743999, 3555882.472574519]
[679159.800544431, 3550152.141987075]
[675287.8658063202, 3538323.9867079714]
[668362.2845445471, 3545115.6377588324]
[668024.3951625945, 3550233.6946769506]
[665127.751118308, 3550540.4830490947]
[666714.9151270173, 3556305.945414683]
[653598.7919321063, 3547278.793770069]
[669494.882686831, 3536069.9430364035]
[667261.8689500575, 3551292.3342796853]
[665392.1446573236, 3555909.1623172024]
[666610.5024949845, 3556042.999405833]
[668906.4704998902, 3548765.9360275315]
[671881.3831612868, 3552123.850684821]
[670668.967985627, 3544706.1313913693]
[673250.7307079288, 3534735.790357306]
[667944.3850416125, 3553381.0818188023]
[671518.7040871992, 3544960.391819368]
[673250.7307079288, 3534735.790357306]
[665977.067272769, 3554733.337944322]
[673250.7307079288, 3534735.790357306]
[664233.849136911, 3553211.0645632083]
[663512.5237020281, 3556357.784431306]
[667224.6270563749, 3544589.890998023]
[668967.844290759, 3549670.8303076043]
[674647.6915643209, 3536274.0188977155]
[669049.0250619714, 3550101.749357894]
[668164.367340121, 3548086.679959516]
[667932.8890031695, 3548110.5538141653]
[669805.334935272, 3548538.8185099107]
[673119.6208758116, 3554014.7645633123]
[668967.844290759, 3549670.8303076043]
[673544.8934716627, 3556402.1363719758]
[664306.6710738267, 3552541.886418962]
[664306.6710738267, 3552541.886418962]
[665787.764303067, 3555015.3396296855]
[676600.8574774159, 3554735.5811684653]
[664306.6710738267, 3552541.886418962]
[674011.1935332965, 3543721.6699821465]
[675160.5133211759, 3546490.3608977227]
[665725.5962680466, 3553891.5814141105]
[678304.4346702601, 3548230.4816123396]
[672453.2023808043, 3543029.2718505673]
[675160.5133211759, 3546490.3608977227]
[668290.2718254735, 3546797.469823606]
[665252.7922389341, 3547676.562991608]
[670179.6904887154, 3547123.1299416004]
[665291.9725244482, 3547832.6674501174]
[667620.682195968, 3544282.371304219]
[664306.6710738267, 3552541.886418962]
[666638.9326718666, 3544098.4319356685]
[664913.3076674553, 3570838.2699263487]
[679079.0882405262, 3548471.1965789543]
[671686.8274148277, 3563451.9672271847]
[668287.8099957007, 3551141.753415371]
[669140.5290057025, 3547081.2056780304]
[658463.2089081377, 3536638.975624043]
[674555.252509409, 3548486.2424886506]
[670759.7587876772, 3545275.304696428]
[666772.2752685422, 3553190.6450802917]
[681276.2404176038, 3559952.2964372076]
[670061.8738094622, 3550157.5140473447]
[664089.7193282377, 3540076.0847155587]
[669404.6436546135, 3554418.1528353705]
[656935.3917775707, 3548572.5637560957]
[661271.3821047088, 3544787.7457878306]
[672946.1730694678, 3546886.9499992356]
[672584.8961009895, 3545105.3070021905]
[669078.9392279622, 3550954.3207511576]
[664949.5805872512, 3547647.5371641405]
[670236.290276557, 3545997.6236812347]
[668401.2075787968, 3550671.409602339]
[670262.7353044299, 3546791.670458202]
[669884.7185567867, 3543262.7095865537]
[666716.9022148714, 3551684.532384348]
[668439.317148397, 3545694.254942246]
[678817.2999074163, 3555755.8655389166]
[666769.6863561083, 3551818.9308760203]
[675375.5513042574, 3538684.8116614115]
[671022.2492897556, 3542232.977332058]
[669567.0796265784, 3545775.7694800342]
[668425.498074621, 3548447.88216714]
[670234.3340998635, 3548527.52838926]
[672017.3181996248, 3549793.2841528663]
[666510.5726663412, 3540749.228459408]
[668541.8619275655, 3548613.178929209]
[670222.9407602116, 3548547.7627209085]
[666471.459198897, 3552388.7688609217]
[670727.4517307046, 3543807.223558468]
[675211.7647803335, 3533609.661114828]
[669636.255487741, 3554701.5182025065]
[666497.4358233584, 3546003.4962368864]
[679620.9971863278, 3549741.199403302]
[666040.4687429543, 3554088.1096447203]
[670733.8368027624, 3547004.0237873592]
[670125.5655362722, 3547970.7810251485]
[670469.1020538432, 3549268.6416682494]
[671159.4344874526, 3546024.95572355]
[678817.2999074163, 3555755.8655389166]
[678817.2999074163, 3555755.8655389166]
[681838.7917134266, 3550861.85585582]
[678084.0811080778, 3558979.0988371344]
[670214.6303789917, 3548206.731355725]
[666471.459198897, 3552388.7688609217]
[668716.7227175995, 3548705.770980364]
[678817.2999074163, 3555755.8655389166]
[681102.3162014729, 3555380.513512965]
[668547.4944129279, 3549092.025597249]
[666471.459198897, 3552388.7688609217]
[667994.7401154333, 3552179.8945475286]
[671481.2659299498, 3539042.322085111]
[666274.2739308517, 3553388.8514497722]
[673516.3622290122, 3556524.24502393]
[666492.6534687707, 3548746.9313686057]
[673697.1325832964, 3548292.37320802]
[676863.5372734452, 3557413.253151374]
[667978.2129805334, 3550876.199618615]
[672323.8373862001, 3545828.6255402677]
[678186.728526543, 3549833.658817799]
[667994.7401154333, 3552179.8945475286]
[678915.3801470224, 3556335.2450499334]
[667345.8816498913, 3548879.9003338735]
[672457.6306066208, 3546359.162320166]
[667870.0541593157, 3543772.6284198877]
[674011.1935332965, 3543721.6699821465]
[673585.7151616344, 3558961.1019294616]
[665261.2541689225, 3539096.523294348]
[666699.6989198655, 3548039.2018489656]
[662848.9863757279, 3543360.411777869]
[680017.309912666, 3554425.6617203313]
[676660.7385150697, 3558331.4825699413]
[663185.0257030824, 3549120.802693457]
[681376.8139463025, 3559592.525988487]
[675537.2690455741, 3544475.3161401353]
[667109.843112644, 3546467.7579152863]
[665457.426540035, 3539050.646625008]
[665863.5679660158, 3548024.5564892353]
[676746.8997614471, 3538086.6638776776]
[673024.0146736803, 3562048.7223856216]
[665962.6634569243, 3539091.270941726]
[679580.6693303344, 3548818.755892717]
[669380.0338822488, 3548864.535134819]
[669460.4253750822, 3543205.0777021316]
[663744.0518688435, 3552272.2810470574]
[665924.7365507765, 3548120.756969228]
[671475.138518949, 3535718.8145910846]
[666570.1590662654, 3554590.462716189]
[667103.3032900277, 3555670.8365656175]
[674210.6409463843, 3543416.8852645187]
[675700.3531648526, 3546082.85795785]
[673876.953594789, 3543960.1394615853]
[661033.9688613317, 3560015.605039407]
[670418.5671110766, 3548106.735759173]
[679091.650908739, 3548196.0505995583]
[673024.0146736803, 3562048.7223856216]
[671171.1552972251, 3545234.805203459]
[663866.3852702838, 3547769.974084542]
[674825.6539548028, 3544069.6685804646]
[663143.9944327932, 3538607.4199574795]
[675700.3531648526, 3546082.85795785]
[665924.7365507765, 3548120.756969228]
[664617.2625560588, 3539332.3063525697]
[672411.4924518131, 3552933.053495483]
[670418.5671110766, 3548106.735759173]
[669878.2857188275, 3554715.900089531]
[674242.0330638923, 3537769.025605237]
[665457.426540035, 3539050.646625008]
[667985.9387033391, 3552803.757020069]
[662076.9669089578, 3539907.2602849384]
[674886.2583909435, 3544453.9683628026]
[666570.1590662654, 3554590.462716189]
[677185.0959986373, 3556790.1468193107]
[669380.0338822488, 3548864.535134819]
[667511.037862263, 3539711.4233224653]
[670311.0808574468, 3546128.9449715796]
[669497.1011851775, 3548971.5555499895]
[665457.426540035, 3539050.646625008]
[667846.0297096646, 3539653.6890864912]
[675544.7677086317, 3544298.6888459832]
[675192.226562077, 3536734.600374611]
[666434.0921213536, 3548360.1933771814]
[669329.5381441466, 3546069.85476878]
[668891.0588179627, 3553183.479239337]
[669380.0338822488, 3548864.535134819]
[663266.9452583576, 3538095.969802518]
[661196.4577676563, 3567224.659650582]
[668291.5393391724, 3547864.986989398]
[666255.5420689117, 3543728.365333226]
[661192.7227747315, 3545698.0246641473]
[677887.0519982523, 3541917.7767990706]
[669696.1013719502, 3548543.475493368]
[664980.7188348408, 3552882.695235092]
[679560.5994046013, 3546157.1486590453]
[668915.531357522, 3542788.494942987]
[662776.9864603956, 3538544.847766162]
[661652.5413346267, 3540321.597350786]
[667103.3032900277, 3555670.8365656175]
[666290.3227593396, 3545303.896475837]
[668216.3516882628, 3537721.141247649]
[673639.9866565032, 3551423.3287698906]
[672895.9011877989, 3547948.5770987556]
[667103.3032900277, 3555670.8365656175]
[675309.9078632494, 3544098.744215161]
[668472.6500292268, 3549279.1230248287]
[669354.2965778902, 3555627.0326268524]
[674825.6539548028, 3544069.6685804646]
[674209.9359772339, 3543833.4289038456]
[664405.8619114052, 3548336.147678478]
[665700.7382758837, 3546035.4840584197]
[668090.7795054951, 3548402.254103054]
[669380.0338822488, 3548864.535134819]
[667103.3032900277, 3555670.8365656175]
[669380.0338822488, 3548864.535134819]
[667289.2480608582, 3544422.976206852]
[672721.3321397515, 3545819.1908953344]
[678467.4483214696, 3547308.59014822]
[661657.8821218081, 3540170.9996517748]
[669665.2033752953, 3548706.396079926]
[679059.0597316761, 3553622.5011936915]
[668291.5393391724, 3547864.986989398]
[672177.8510195817, 3559248.647959536]
[681722.7222242039, 3549803.534923225]
[681957.1708542637, 3549357.6319829626]
[672684.977777683, 3535379.3389602397]
[663444.3662398923, 3546759.1824884163]
[667648.7415671481, 3542529.0097044664]
[668291.5393391724, 3547864.986989398]
[668497.1539720802, 3544302.036275247]
[665113.0181814338, 3554047.161155307]
[667664.7121039829, 3539798.1803062013]
[669380.0338822488, 3548864.535134819]
[662573.8188868109, 3539519.168444747]
[671957.8109906231, 3538121.501533921]
[665297.0406350186, 3555346.509428386]
[674825.6539548028, 3544069.6685804646]
[679522.2444716925, 3548828.852852314]
[681722.7222242039, 3549803.534923225]
[654468.0798230611, 3549815.6185598387]
[675544.7677086317, 3544298.6888459832]
[665237.2639643236, 3553319.808783332]
[674825.6539548028, 3544069.6685804646]
[662477.4471900248, 3543999.83216503]
[672433.6264682836, 3545831.599468002]
[674825.6539548028, 3544069.6685804646]
[665457.426540035, 3539050.646625008]
[672412.6268098846, 3536998.251951817]
[662573.8188868109, 3539519.168444747]
[669416.9280826122, 3532065.8925799127]
[677065.1236928906, 3548585.5726243476]
[668367.5573251931, 3549530.147241637]
[665286.0509501657, 3554212.5104597304]
[666288.6479285879, 3540205.045327395]
[669867.071708934, 3548833.3621170763]
[673793.5141342125, 3537792.623958819]
[668348.7087116553, 3549454.052699101]
[673793.5141342125, 3537792.623958819]
[671495.5696355394, 3539263.8290464627]
[674688.8497745194, 3544884.134296929]
[675786.3300828591, 3555652.884522932]
[681980.1478422206, 3560555.2238468616]
[669380.0338822488, 3548864.535134819]
[679758.9437946726, 3554359.1459439197]
[663744.0518688435, 3552272.2810470574]
[670325.8972975244, 3554064.694245338]
[665700.7382758837, 3546035.4840584197]
[666421.6388441582, 3551617.5540063675]
[669676.2244247108, 3549894.6786873033]
[663477.7494855376, 3541585.1283135675]
[669380.0338822488, 3548864.535134819]
[669380.0338822488, 3548864.535134819]
[669380.0338822488, 3548864.535134819]
[669380.0338822488, 3548864.535134819]
[671416.1369719288, 3552846.820754449]
[671495.5696355394, 3539263.8290464627]
[668654.4961519409, 3535003.258345195]
[669380.0338822488, 3548864.535134819]
[667620.2964156789, 3546559.5966356355]
[666133.71176818, 3546762.9017439284]
[669380.0338822488, 3548864.535134819]
[661192.7227747315, 3545698.0246641473]
[675483.8706717682, 3549707.8300870243]
[659926.5732113014, 3544256.4539553765]
[659926.5732113014, 3544256.4539553765]
[669380.0338822488, 3548864.535134819]
[660504.3751240434, 3546973.6382523067]
[660119.134334001, 3544138.5131430384]
[659877.0304207709, 3543925.197732101]
[675170.1971788744, 3544871.542551271]
[653102.9458638701, 3549641.2956103906]
[659926.5732113014, 3544256.4539553765]
[675483.8706717682, 3549707.8300870243]
[666889.8790887697, 3545505.9070035107]
[669278.1329578802, 3553900.0985389855]
[668064.7421855084, 3549490.8682984095]
[659947.6239964674, 3544015.0627848436]
[675483.8706717682, 3549707.8300870243]
[668854.0799853817, 3547033.697461659]
[668192.6283835832, 3548044.9894570755]
[665114.2628347462, 3546093.63025624]
[664683.8776576052, 3552349.174499466]
[659926.5732113014, 3544256.4539553765]
[659926.5732113014, 3544256.4539553765]
[659926.5732113014, 3544256.4539553765]
[667463.3618414927, 3552810.8365503238]
[668200.9589145468, 3533172.995207911]
[669380.0338822488, 3548864.535134819]
[667850.0495364177, 3557238.502297577]
[675929.3290195673, 3549707.727251926]
[675483.8706717682, 3549707.8300870243]
[671148.7158680569, 3562790.47452769]
[670821.9749985278, 3555152.394715544]
[667952.6290370785, 3545344.773562041]
[668530.2663215578, 3548940.216490872]
[681775.9146604242, 3556505.552686668]
[673793.5141342125, 3537792.623958819]
[671732.296506937, 3551574.4330720897]
[677065.1236928906, 3548585.5726243476]
[665757.366138944, 3552619.72644265]
[669380.0338822488, 3548864.535134819]
[666036.7805551201, 3546471.8241023817]
[663105.9859977786, 3547846.6519600675]
[663999.1701175431, 3546644.9402574436]
[671734.4945961935, 3537045.4456223636]
[666286.1921209858, 3539162.0201196633]
[669940.7240041108, 3547500.481464241]
[663614.569183058, 3546618.773837207]
[681283.1286755069, 3558212.0931022605]
[664807.3716662794, 3532536.6062693023]
[664807.3716662794, 3532536.6062693023]
[682823.2903476111, 3556095.510638198]
[670253.8678786533, 3536665.8195781754]
[673639.9866565032, 3551423.3287698906]
[668756.7937646981, 3546724.847123452]
[665237.1747424735, 3534526.4614107152]
[677720.0845924075, 3559821.706854563]
[665237.1747424735, 3534526.4614107152]
[675483.8706717682, 3549707.8300870243]
[669380.0338822488, 3548864.535134819]
[666692.8743587793, 3542484.4119025213]
[663973.6408796638, 3544113.667204719]
[674008.7244396543, 3553449.823310388]
[669380.0338822488, 3548864.535134819]
[664249.1121127268, 3545769.8095166176]
[671627.1393411519, 3539608.0660204077]
[664913.2513372616, 3546080.6036277246]
[674059.2169421494, 3536749.5947091808]
[672383.8222441727, 3535874.3957698424]
[674741.7901391214, 3545587.3143072193]
[672977.3081148166, 3559406.1784913368]
[669450.6223906883, 3554143.8347405302]
[669363.1824558798, 3551495.3305533216]
[661375.3891572524, 3539875.356390929]
[675485.4712808721, 3546060.603511321]
[667675.8052851001, 3544599.893758018]
[669230.9823884786, 3553108.65044765]
[668042.3767257029, 3546719.7917480255]
[680032.0755041592, 3550745.3479917115]
[661885.24245287, 3539577.652002652]
[673793.5141342125, 3537792.623958819]
[676013.7723387534, 3541402.379233367]
[669380.0338822488, 3548864.535134819]
[665727.7132591188, 3538273.0617190194]
[681695.0235258493, 3553933.2486360692]
[672057.5565924657, 3552610.318119706]
[669380.0338822488, 3548864.535134819]
[670770.7410015827, 3530892.823899081]
[669380.0338822488, 3548864.535134819]
[664378.0736219175, 3553611.684611807]
[676356.669647078, 3548799.797933137]
[663858.5317771004, 3547811.792672366]
[673793.5141342125, 3537792.623958819]
[672422.2156615967, 3562030.6982860332]
[675929.3290195673, 3549707.727251926]
[669380.0338822488, 3548864.535134819]
[669380.0338822488, 3548864.535134819]
[675929.3290195673, 3549707.727251926]
[663721.4624855143, 3548026.412774652]
[669380.0338822488, 3548864.535134819]
[669097.1860061382, 3549352.592241192]
[662998.5902203538, 3569490.405701579]
[667414.475650002, 3547975.4722220902]
[664516.6973261428, 3547683.143197035]
[669097.1860061382, 3549352.592241192]
[673975.1646305253, 3547877.7685060613]
[662393.0140441464, 3542332.580204321]
[672746.38937652, 3553105.760107141]
[673793.5141342125, 3537792.623958819]
[669029.3848589282, 3560046.4172193795]
[671477.8908172343, 3546401.4282664172]
[669249.9255481731, 3545049.2998519633]
[668939.7882228805, 3550441.566536631]
[667003.5047929093, 3548193.8618415142]
[669043.2693156055, 3550247.663896938]
[666036.7805551201, 3546471.8241023817]
[670336.2350967011, 3553917.6438171226]
[668043.7888123313, 3547334.516415581]
[675929.3290195673, 3549707.727251926]
[679758.9437946726, 3554359.1459439197]
[662422.2614722683, 3544158.518387982]
[668588.2776272928, 3546021.922278802]
[683193.00157928, 3552537.95528685]
[670287.752229566, 3554949.434035427]
[669230.9823884786, 3553108.65044765]
[672721.3321397515, 3545819.1908953344]
[681105.1276906097, 3549069.3158316836]
[669380.0338822488, 3548864.535134819]
[670586.344976279, 3548046.801854152]
[671309.7457112258, 3557447.9529889086]
[667478.2729777131, 3544946.2622700115]
[655889.0428339543, 3562535.8953453107]
[669185.1410470944, 3549781.117450243]
[677826.5464973076, 3539422.0631447905]
[681640.7350171767, 3550648.9374551317]
[673379.2347414952, 3544596.766854817]
[676956.9723891427, 3554298.7042039605]
[666581.23824746, 3544494.3319462943]
[669380.0338822488, 3548864.535134819]
[678023.8238243884, 3549920.9083011793]
[669380.0338822488, 3548864.535134819]
[664725.1918968282, 3546563.1278297566]
[677709.5827771113, 3557892.2265114062]
[660042.6988374272, 3558456.6587279025]
[669247.653718539, 3554213.710223147]
[681416.1608896016, 3549250.64393778]
[677565.2411809243, 3559483.8720419323]
[672045.6788328269, 3546985.04676607]
[662453.6530249987, 3538052.681024086]
[662739.2193824829, 3541080.5978118437]
[680048.3241597102, 3555182.9339869767]
[671568.2546330255, 3562586.555072592]
[665253.7784575452, 3540792.0557412044]
[665975.2926646052, 3533174.7520111455]
[667569.4001087495, 3555365.674179296]
[680032.0755041592, 3550745.3479917115]
[669635.827957454, 3543198.687885381]
[663260.0593825809, 3540769.7140229]
[671871.4491301206, 3534526.4381193602]
[667788.868798722, 3551175.1022136505]
[662393.0140441464, 3542332.580204321]
[665837.845106372, 3545673.212948721]
[666964.2068518964, 3547780.561436428]
[675416.2633673114, 3537410.015321593]
[661367.1662425051, 3538854.2945512477]
[664321.1370389148, 3541536.9314173693]
[678974.0512903177, 3558802.8987329477]
[678495.7733626803, 3549278.895303848]
[671129.646440089, 3558150.6307097482]
[663152.4848616173, 3539426.454607736]
[680242.5809474032, 3557853.5929762106]
[678495.7733626803, 3549278.895303848]
[669854.1647809369, 3554606.320001095]
[666234.221158006, 3543887.132018449]
[667397.6646669605, 3545282.245441427]
[671177.1896202893, 3559045.834131509]
[664805.8125095656, 3546259.619484335]
[675459.9928458859, 3538316.6623714864]
[667569.4001087495, 3555365.674179296]
[665229.8994849051, 3555179.996990037]
[675651.8833997208, 3541903.7431967524]
[656712.0730421657, 3538427.0100394245]
[667479.5796533686, 3543848.9120644596]
[668994.9521814301, 3536632.5071099643]
[671682.451238912, 3555098.4864060027]
[662197.5981819201, 3548078.4934919076]
[669380.0338822488, 3548864.535134819]
[669380.0338822488, 3548864.535134819]
[665538.9448225154, 3546978.4592658808]
[671170.008086069, 3558195.763983944]
[663146.6881921854, 3543780.317396011]
[669380.0338822488, 3548864.535134819]
[666747.1857469481, 3542736.09476621]
[678765.9074189146, 3553835.2322313655]
[673518.2176639084, 3545675.8061626125]
[669380.0338822488, 3548864.535134819]
[669380.0338822488, 3548864.535134819]
[677750.4394391612, 3553583.731841369]
[678219.6819281086, 3553368.816414245]
[666127.942198053, 3541208.894586317]
[669380.0338822488, 3548864.535134819]
[669730.5223382637, 3556641.394753568]
[667113.4178008919, 3554148.6087781494]
[671214.2184283066, 3548790.606251465]
[669258.4434578787, 3548806.7061124993]
[669230.9823884786, 3553108.65044765]
[665894.3276390417, 3538322.2682063067]
[681849.2349822363, 3560524.428890325]
[670691.2697128523, 3540347.8473429563]
[665262.9822406996, 3567780.5696915146]
[672183.13232545, 3554473.3761614677]
[670103.6607137009, 3553034.557163398]
[679004.2531872244, 3550088.6882304363]
[660845.3569950764, 3544955.4639293384]
[680333.5475430563, 3548252.879642623]
[671568.2546330255, 3562586.555072592]
[664702.2556012382, 3551084.2688461537]
[665664.8212733561, 3546116.5656276857]
[666998.668402194, 3542754.6558613107]
[670040.2355950121, 3542691.9783713953]
[662004.4113952366, 3539074.1265851143]
[669380.0338822488, 3548864.535134819]
[651585.0706690627, 3541580.6957870442]
[673722.9015862659, 3531132.5687220637]
[676012.6701532358, 3561999.740242575]
[671261.6510280631, 3562635.895791359]
[676456.9332289873, 3536463.075957752]
[669380.0338822488, 3548864.535134819]
[672812.5212208217, 3558416.0187963345]
[678819.7009697657, 3559079.741942878]
[666374.9069562797, 3546347.4150398844]
[677676.2612958372, 3554925.4443730977]
[671584.1232861963, 3562587.293847498]
[671078.0788272481, 3556601.702868145]
[670254.3104701138, 3554152.247887358]
[672866.5138177616, 3539050.5519184666]
[667209.1636210638, 3544033.96858522]
[669380.0338822488, 3548864.535134819]
[679580.6693303344, 3548818.755892717]
[668571.2578995565, 3546612.147406147]
[675929.3290195673, 3549707.727251926]
[667569.4001087495, 3555365.674179296]
[662874.1873212614, 3550299.841443893]
[678495.7733626803, 3549278.895303848]
[676697.656307144, 3535792.85661756]
[673705.315276599, 3556728.709468979]
[671504.0990090244, 3556077.248105088]
[668385.8509817987, 3539694.7877030945]
[662129.0299975532, 3544953.7904976285]
[669380.0338822488, 3548864.535134819]
[669380.0338822488, 3548864.535134819]
[671568.2546330255, 3562586.555072592]
[668439.7716226559, 3547623.222171997]
[664053.6722269014, 3553263.604364055]
[669133.3500657075, 3546243.0082833036]
[668261.3897402688, 3533934.464894947]
[672543.9718277148, 3556367.498648706]
[665587.2854691816, 3555173.0072809765]
[671261.6510280631, 3562635.895791359]
[669380.0338822488, 3548864.535134819]
[666938.0278058979, 3543459.2892798386]
[673901.7406771522, 3547782.8496924904]
[674790.7351182988, 3556176.9998171553]
[665663.4089085892, 3555539.602181603]
[667719.5522147871, 3550986.224151063]
[669380.0338822488, 3548864.535134819]
[669380.0338822488, 3548864.535134819]
[672439.3572062594, 3535542.3748507104]
[668029.5522018594, 3545516.807539067]
[673600.8358739568, 3545323.0443413504]
[653102.9458638701, 3549641.2956103906]
[663704.5293550516, 3542866.3045079694]
[669380.0338822488, 3548864.535134819]
[678624.6210123303, 3551439.467021045]
[674175.0883881955, 3535165.8574016457]
[669380.0338822488, 3548864.535134819]
[650432.567959805, 3545852.611654352]
[667893.7428716742, 3546769.376969298]
[659442.9735693379, 3541532.559550002]
[667048.5201575262, 3546541.426553307]
[661763.6073711491, 3538743.5230251793]
[669380.0338822488, 3548864.535134819]
[678302.0247907278, 3559429.136862336]
[668391.4788980918, 3556043.655624376]
[669380.0338822488, 3548864.535134819]
[667310.3028819354, 3550434.595033026]
[674448.0683670822, 3544268.315777639]
[662036.0699422386, 3538218.131456459]
[677750.4394391612, 3553583.731841369]
[666320.8083177921, 3548238.507152011]
[666320.8083177921, 3548238.507152011]
[658489.8457353547, 3537464.9609357393]
[680502.2501270159, 3553461.990569271]
[673047.4106222058, 3547955.28747566]
[663644.40483904, 3552864.5713828853]
[669380.0338822488, 3548864.535134819]
[671201.9212996592, 3551687.750571361]
[664850.0925383214, 3543308.7423678604]
[667987.7320800672, 3550656.9815673586]
[661707.4759520034, 3553919.615123693]
[665082.6897948124, 3540840.20880421]
[667938.940468481, 3555796.6766793183]
[668393.2912152419, 3545345.741697856]
[661213.0345012143, 3538656.4559746096]
[662318.1605510048, 3539532.84084941]
[672721.2985789458, 3546537.553742053]
[666299.8200084327, 3551673.2699351264]
[665569.3047661474, 3540288.7412723335]
[670884.792132553, 3541433.434606771]
[672803.4391673151, 3535726.7855153037]
[664363.054844261, 3544521.4294881225]
[665357.4697457257, 3534366.5081116734]
[679004.2531872244, 3550088.6882304363]
[669380.0338822488, 3548864.535134819]
[668324.6922719493, 3547388.9765374344]
[669380.0338822488, 3548864.535134819]
[677352.5838351973, 3554784.1960693067]
[671795.3715131559, 3551576.60517342]
[672669.7210817649, 3541926.375185139]
[673631.8368188429, 3558724.764831002]
[658403.7212372882, 3537531.234947991]
[669380.0338822488, 3548864.535134819]
[673609.782956827, 3562413.5544111803]
[678495.7733626803, 3549278.895303848]
[672203.0138693396, 3541799.4293222595]
[669380.0338822488, 3548864.535134819]
[671871.4491301206, 3534526.4381193602]
[651585.0706690627, 3541580.6957870442]
[665769.276196511, 3542455.9677253026]
[669370.1922957906, 3556865.32489088]
[662726.2078522261, 3543328.813591317]
[669380.0338822488, 3548864.535134819]
[672504.8995893123, 3554399.3931824127]
[662890.7484697844, 3545530.7924376465]
[660719.1790545316, 3547930.2234035796]
[673338.2660731544, 3544966.3950163135]
[680235.5652094807, 3547897.511796199]
[669380.5268393891, 3562963.3609229582]
[657454.4688694773, 3538817.608057195]
[669755.7859297618, 3532707.3688936555]
[674272.0235192648, 3533765.107534407]
[666320.8083177921, 3548238.507152011]
[672803.4391673151, 3535726.7855153037]
[672812.5212208217, 3558416.0187963345]
[669635.685942442, 3541818.3874116014]
[671408.267109784, 3562031.676621789]
[673584.4636849427, 3547882.7675731573]
[673044.8833118784, 3556778.5456071114]
[668573.4182207027, 3547083.6353216884]
[665854.8857641671, 3555636.565857015]
[670012.1921708225, 3545871.3242073734]
[658039.3648957848, 3561129.1879826463]
[678604.4361404886, 3549424.0276384302]
[679004.2531872244, 3550088.6882304363]
[680768.41943569, 3549399.488646409]
[670103.6607137009, 3553034.557163398]
[662781.7898527036, 3548642.7515612217]
[662679.4362788749, 3547775.580967154]
[666813.279052052, 3553739.4918407383]
[681594.4007730999, 3560394.2719667405]
[670178.1613963452, 3542933.0027954644]
[668148.5068656597, 3549919.3219540105]
[671568.2546330255, 3562586.555072592]
[670524.1497900502, 3556802.2546857265]
[671408.267109784, 3562031.676621789]
[668634.9085989852, 3546467.5166042945]
[668957.2817183521, 3545082.48587971]
[662563.507978078, 3538220.762308826]
[672637.5466834212, 3558649.4147246163]
[679559.6099720869, 3558753.4146259804]
[667643.7254063645, 3547188.114165642]
[665664.8212733561, 3546116.5656276857]
[673680.1506413596, 3531980.760770395]
[677676.2612958372, 3554925.4443730977]
[660294.7556848042, 3544234.0598108727]
[682040.9088240264, 3558267.052463932]
[661639.9381153488, 3538397.030799651]
[669380.0338822488, 3548864.535134819]
[669380.0338822488, 3548864.535134819]
[669380.0338822488, 3548864.535134819]
[671008.4365277224, 3558688.8575352477]
[671527.9649091412, 3545619.758874178]
[671759.4512577299, 3553927.087909612]
[664577.5220597138, 3539561.5828974214]
[661983.3849969953, 3541649.175520756]
[675568.3777957357, 3536801.592034761]
[667100.0022218573, 3550006.4014994935]
[673167.3383694154, 3562895.349884952]
[672669.7210817649, 3541926.375185139]
[669380.0338822488, 3548864.535134819]
[675696.4804718106, 3548309.783875863]
[669380.0338822488, 3548864.535134819]
[677546.3928792848, 3554393.90320646]
[673855.077822574, 3559413.345933352]
[661644.655418576, 3540170.2347552273]
[663266.9452583576, 3538095.969802518]
[653122.0974465711, 3549797.674243451]
[671160.5936603118, 3547564.6287250337]
[666092.7157312451, 3551285.8680552053]
[670682.2962799539, 3544314.8463248885]
[665021.6934808651, 3544868.771264417]
[669380.0338822488, 3548864.535134819]
[672156.6777838946, 3534506.169627992]
[669380.0338822488, 3548864.535134819]
[668148.1248512829, 3548118.7060258095]
[671906.2351019001, 3537537.358239672]
[669380.0338822488, 3548864.535134819]
[669380.0338822488, 3548864.535134819]
[665894.9073632574, 3555918.6998107806]
[672986.6931057033, 3559195.9806662733]
[663214.6854235717, 3548574.2170680133]
[666137.711627027, 3549867.52529637]
[676886.9857476489, 3540261.1210714853]
[671292.8545014544, 3562624.269574246]
[670691.2697128523, 3540347.8473429563]
[677172.1917811814, 3537944.44733973]
[671027.0236307848, 3557229.330047734]
