0,671930.9640999777,3559376.3970241616,7
1,671660.3851929683,3546840.6176224034,0
2,673676.3646278039,3553858.0056880014,7
3,673250.7307079288,3534735.7903573061,6
4,673250.7307079288,3534735.7903573061,6
5,664664.2897985816,3551443.6621182668,4
6,665784.2928779606,3545903.6095191371,5
7,670139.03445006,3546122.9007781297,0
8,665713.1935245584,3546396.9430681458,5
9,669249.9887832988,3549048.44969801,0
10,677489.4237559697,3538264.0098638805,6
11,667403.2576188646,3553762.1310220934,4
12,666010.4678384138,3554045.1674548946,4
13,667093.9912040522,3553867.4286640864,4
14,669113.6216474185,3548405.6711725863,5
15,665504.9060004362,3540044.5572749963,3
16,669374.8788573288,3547609.4073499944,5
17,664763.5283344593,3548375.5746578267,5
18,673583.417551894,3557178.4787037135,7
19,672529.1082505434,3555481.5717672245,7
20,669180.9012607959,3549841.3020497537,4
21,677896.7773920794,3557193.2755759922,7
22,674884.044369693,3559464.8278773688,7
23,669642.1815768975,3551114.1168360854,4
24,670538.9919649607,3553726.0359246316,4
25,666636.1312033203,3540124.3052312895,3
26,673398.8570693212,3545852.1815422429,0
27,667598.8498024072,3547351.2397032217,5
28,669422.3257888763,3546799.2880237806,5
29,671052.9867570954,3556302.3348001088,7
30,673072.6570474452,3538196.545245213,6
31,667431.5409378184,3549807.1726066293,4
32,667431.5409378184,3549807.1726066293,4
33,667431.5409378184,3549807.1726066293,4
34,667431.5409378184,3549807.1726066293,4
35,667431.5409378184,3549807.1726066293,4
36,667431.5409378184,3549807.1726066293,4
37,667431.5409378184,3549807.1726066293,4
38,667431.5409378184,3549807.1726066293,4
39,667431.5409378184,3549807.1726066293,4
40,667431.5409378184,3549807.1726066293,4
41,667431.5409378184,3549807.1726066293,4
42,667431.5409378184,3549807.1726066293,4
43,667431.5409378184,3549807.1726066293,4
44,667431.5409378184,3549807.1726066293,4
45,667431.5409378184,3549807.1726066293,4
46,667431.5409378184,3549807.1726066293,4
47,667431.5409378184,3549807.1726066293,4
48,667431.5409378184,3549807.1726066293,4
49,667431.5409378184,3549807.1726066293,4
50,667431.5409378184,3549807.1726066293,4
51,667431.5409378184,3549807.1726066293,4
52,667431.5409378184,3549807.1726066293,4
53,667431.5409378184,3549807.1726066293,4
54,667431.5409378184,3549807.1726066293,4
55,667431.5409378184,3549807.1726066293,4
56,667431.5409378184,3549807.1726066293,4
57,667431.5409378184,3549807.1726066293,4
58,667431.5409378184,3549807.1726066293,4
59,676362.5021921499,3546276.364694254,0
60,673088.5593820371,3534541.4762282139,6
61,676362.5021921499,3546276.364694254,0
62,676362.5021921499,3546276.364694254,0
63,678493.4113789299,3559231.040862523,7
64,676362.5021921499,3546276.364694254,0
65,675652.2637917751,3550309.4930106285,0
66,666033.6470495034,3553552.8944623689,4
67,660312.1224539247,3545145.1840232429,1
68,665559.3038560135,3556097.1573208929,4
69,670468.4991253295,3548713.688056428,0
70,679143.1121591916,3556582.5027209413,7
71,668850.9485759578,3555635.948174336,4
72,668218.9198407982,3557348.362000498,4
73,668512.3513312747,3548053.5441787974,5
74,661445.3456986931,3544720.2349207611,1
75,677206.3234358567,3549409.9432959096,0
76,668512.3513312747,3548053.5441787974,5
77,664097.6531639812,3543787.1317265723,5
78,671996.152053179,3558928.1506290631,7
79,664097.6531639812,3543787.1317265723,5
80,666992.0552281352,3545264.8190267673,5
81,665958.1448793046,3537541.7740960084,3
82,670680.4598417361,3549383.471392673,0
83,673563.4838323706,3560020.0231555011,7
84,659085.1085504836,3538178.8936753748,3
85,668941.3944692386,3552818.9813826797,4
86,673895.9874670666,3534788.9420301085,6
87,674385.6231679384,3545930.7890418041,0
88,674385.6231679384,3545930.7890418041,0
89,666271.5547361061,3549483.68434384,5
90,666116.7796220609,3556101.6774661681,4
91,682084.6051840663,3556750.0780877681,7
92,682033.2893345741,3560654.1576974066,7
93,672297.1479576754,3549958.3980572312,0
94,666856.3053138193,3555252.2027553092,4
95,679159.800544431,3550152.1419870751,0
96,681579.6773473691,3560130.2749830922,7
97,674850.8427716759,3545260.5155853452,0
98,668514.3912411981,3547690.4939168431,5
99,665833.0997846795,3555334.4407056789,4
100,662318.2586491725,3539123.8238042374,3
101,674349.7494968274,3557641.8104077149,7
102,679159.800544431,3550152.1419870751,0
103,671415.2607658808,3537817.0858875741,6
104,674385.6231679384,3545930.7890418041,0
105,677493.4817743999,3555882.472574519,7
106,679159.800544431,3550152.1419870751,0
107,675287.8658063202,3538323.9867079714,6
108,668362.2845445471,3545115.6377588324,5
109,668024.3951625945,3550233.6946769506,4
110,665127.751118308,3550540.4830490947,4
111,666714.9151270173,3556305.9454146829,4
112,653598.7919321063,3547278.7937700688,1
113,669494.8826868311,3536069.9430364035,6
114,667261.8689500575,3551292.3342796853,4
115,665392.1446573236,3555909.1623172024,4
116,666610.5024949845,3556042.999405833,4
117,668906.4704998902,3548765.9360275315,5
118,671881.3831612868,3552123.8506848211,0
119,670668.967985627,3544706.1313913693,0
120,673250.7307079288,3534735.7903573061,6
121,667944.3850416125,3553381.0818188023,4
122,671518.7040871992,3544960.3918193681,0
123,673250.7307079288,3534735.7903573061,6
124,665977.0672727691,3554733.3379443218,4
125,673250.7307079288,3534735.7903573061,6
126,664233.849136911,3553211.0645632083,4
127,663512.5237020281,3556357.7844313062,4
128,667224.6270563749,3544589.8909980231,5
129,668967.8442907589,3549670.8303076043,4
130,674647.6915643209,3536274.0188977155,6
131,669049.0250619714,3550101.7493578941,4
132,668164.367340121,3548086.679959516,5
133,667932.8890031695,3548110.5538141653,5
134,669805.334935272,3548538.8185099107,0
135,673119.6208758116,3554014.7645633123,7
136,668967.8442907589,3549670.8303076043,4
137,673544.8934716627,3556402.1363719758,7
138,664306.6710738267,3552541.8864189619,4
139,664306.6710738267,3552541.8864189619,4
140,665787.764303067,3555015.3396296855,4
141,676600.8574774159,3554735.5811684653,7
142,664306.6710738267,3552541.8864189619,4
143,674011.1935332965,3543721.6699821465,0
144,675160.5133211759,3546490.3608977227,0
145,665725.5962680466,3553891.5814141105,4
146,678304.4346702601,3548230.4816123396,0
147,672453.2023808043,3543029.2718505673,0
148,675160.5133211759,3546490.3608977227,0
149,668290.2718254735,3546797.4698236058,5
150,665252.7922389341,3547676.5629916079,5
151,670179.6904887154,3547123.1299416004,0
152,665291.9725244482,3547832.6674501174,5
153,667620.682195968,3544282.3713042191,5
154,664306.6710738267,3552541.8864189619,4
155,666638.9326718666,3544098.4319356685,5
156,664913.3076674553,3570838.2699263487,2
157,679079.0882405262,3548471.1965789543,0
158,671686.8274148277,3563451.9672271847,7
159,668287.8099957007,3551141.7534153708,4
160,669140.5290057025,3547081.2056780304,5
161,658463.2089081377,3536638.975624043,3
162,674555.252509409,3548486.2424886506,0
163,670759.7587876772,3545275.3046964281,0
164,666772.2752685422,3553190.6450802917,4
165,681276.2404176038,3559952.2964372076,7
166,670061.8738094622,3550157.5140473447,0
167,664089.7193282377,3540076.0847155587,3
168,669404.6436546135,3554418.1528353705,4
169,656935.3917775707,3548572.5637560957,1
170,661271.3821047088,3544787.7457878306,1
171,672946.1730694678,3546886.9499992356,0
172,672584.8961009895,3545105.3070021905,0
173,669078.9392279622,3550954.3207511576,4
174,664949.5805872512,3547647.5371641405,5
175,670236.290276557,3545997.6236812347,0
176,668401.2075787968,3550671.4096023389,4
177,670262.7353044299,3546791.6704582018,0
178,669884.7185567867,3543262.7095865537,5
179,666716.9022148714,3551684.5323843481,4
180,668439.317148397,3545694.2549422458,5
181,678817.2999074163,3555755.8655389166,7
182,666769.6863561083,3551818.9308760203,4
183,675375.5513042574,3538684.8116614115,6
184,671022.2492897556,3542232.9773320579,6
185,669567.0796265784,3545775.7694800342,5
186,668425.498074621,3548447.88216714,5
187,670234.3340998635,3548527.5283892602,0
188,672017.3181996248,3549793.2841528663,0
189,666510.5726663412,3540749.228459408,3
190,668541.8619275655,3548613.1789292088,5
191,670222.9407602116,3548547.7627209085,0
192,666471.459198897,3552388.7688609217,4
193,670727.4517307046,3543807.2235584678,0
194,675211.7647803335,3533609.6611148282,6
195,669636.255487741,3554701.5182025065,4
196,666497.4358233584,3546003.4962368864,5
197,679620.9971863278,3549741.1994033018,0
198,666040.4687429543,3554088.1096447203,4
199,670733.8368027624,3547004.0237873592,0
200,670125.5655362722,3547970.7810251485,0
201,670469.1020538432,3549268.6416682494,0
202,671159.4344874526,3546024.9557235502,0
203,678817.2999074163,3555755.8655389166,7
204,678817.2999074163,3555755.8655389166,7
205,681838.7917134266,3550861.8558558198,7
206,678084.0811080778,3558979.0988371344,7
207,670214.6303789917,3548206.7313557249,0
208,666471.459198897,3552388.7688609217,4
209,668716.7227175995,3548705.7709803642,5
210,678817.2999074163,3555755.8655389166,7
211,681102.3162014729,3555380.5135129648,7
212,668547.4944129279,3549092.0255972492,5
213,666471.459198897,3552388.7688609217,4
214,667994.7401154333,3552179.8945475286,4
215,671481.2659299498,3539042.3220851109,6
216,666274.2739308517,3553388.8514497722,4
217,673516.3622290122,3556524.24502393,7
218,666492.6534687707,3548746.9313686057,5
219,673697.1325832964,3548292.3732080199,0
220,676863.5372734452,3557413.2531513739,7
221,667978.2129805334,3550876.1996186152,4
222,672323.8373862001,3545828.6255402677,0
223,678186.728526543,3549833.6588177988,0
224,667994.7401154333,3552179.8945475286,4
225,678915.3801470224,3556335.2450499334,7
226,667345.8816498913,3548879.9003338735,5
227,672457.6306066208,3546359.1623201659,0
228,667870.0541593157,3543772.6284198877,5
229,674011.1935332965,3543721.6699821465,0
230,673585.7151616344,3558961.1019294616,7
231,665261.2541689225,3539096.5232943478,3
232,666699.6989198655,3548039.2018489656,5
233,662848.9863757279,3543360.4117778689,3
234,680017.309912666,3554425.6617203313,7
235,676660.7385150697,3558331.4825699413,7
236,663185.0257030824,3549120.8026934569,5
237,681376.8139463025,3559592.5259884871,7
238,675537.2690455741,3544475.3161401353,0
239,667109.843112644,3546467.7579152863,5
240,665457.4265400351,3539050.646625008,3
241,665863.5679660158,3548024.5564892353,5
242,676746.8997614471,3538086.6638776776,6
243,673024.0146736803,3562048.7223856216,7
244,665962.6634569243,3539091.2709417259,3
245,679580.6693303344,3548818.7558927168,0
246,669380.0338822488,3548864.5351348189,0
247,669460.4253750822,3543205.0777021316,5
248,663744.0518688435,3552272.2810470574,4
249,665924.7365507765,3548120.7569692279,5
250,671475.138518949,3535718.8145910846,6
251,666570.1590662654,3554590.4627161892,4
252,667103.3032900277,3555670.8365656175,4
253,674210.6409463843,3543416.8852645187,0
254,675700.3531648526,3546082.8579578502,0
255,673876.953594789,3543960.1394615853,0
256,661033.9688613317,3560015.605039407,2
257,670418.5671110766,3548106.7357591731,0
258,679091.650908739,3548196.0505995583,0
259,673024.0146736803,3562048.7223856216,7
260,671171.1552972251,3545234.8052034592,0
261,663866.3852702838,3547769.9740845421,5
262,674825.6539548028,3544069.6685804646,0
263,663143.9944327932,3538607.4199574795,3
264,675700.3531648526,3546082.8579578502,0
265,665924.7365507765,3548120.7569692279,5
266,664617.2625560588,3539332.3063525697,3
267,672411.4924518131,3552933.053495483,0
268,670418.5671110766,3548106.7357591731,0
269,669878.2857188275,3554715.9000895312,4
270,674242.0330638923,3537769.0256052371,6
271,665457.4265400351,3539050.646625008,3
272,667985.9387033391,3552803.7570200688,4
273,662076.9669089578,3539907.2602849384,3
274,674886.2583909435,3544453.9683628026,0
275,666570.1590662654,3554590.4627161892,4
276,677185.0959986373,3556790.1468193107,7
277,669380.0338822488,3548864.5351348189,0
278,667511.037862263,3539711.4233224653,3
279,670311.0808574468,3546128.9449715796,0
280,669497.1011851775,3548971.5555499895,0
281,665457.4265400351,3539050.646625008,3
282,667846.0297096646,3539653.6890864912,3
283,675544.7677086317,3544298.6888459832,0
284,675192.2265620769,3536734.6003746111,6
285,666434.0921213536,3548360.1933771814,5
286,669329.5381441466,3546069.8547687801,5
287,668891.0588179627,3553183.4792393371,4
288,669380.0338822488,3548864.5351348189,0
289,663266.9452583576,3538095.9698025179,3
290,661196.4577676563,3567224.6596505819,2
291,668291.5393391724,3547864.986989398,5
292,666255.5420689117,3543728.365333226,5
293,661192.7227747315,3545698.0246641473,1
294,677887.0519982523,3541917.7767990706,6
295,669696.1013719502,3548543.4754933682,0
296,664980.7188348408,3552882.6952350922,4
297,679560.5994046013,3546157.1486590453,0
298,668915.531357522,3542788.4949429869,5
299,662776.9864603956,3538544.8477661619,3
300,661652.5413346267,3540321.597350786,3
301,667103.3032900277,3555670.8365656175,4
302,666290.3227593396,3545303.8964758371,5
303,668216.3516882628,3537721.1412476492,6
304,673639.9866565032,3551423.3287698906,0
305,672895.9011877989,3547948.5770987556,0
306,667103.3032900277,3555670.8365656175,4
307,675309.9078632494,3544098.7442151611,0
308,668472.6500292268,3549279.1230248287,5
309,669354.2965778902,3555627.0326268524,4
310,674825.6539548028,3544069.6685804646,0
311,674209.9359772339,3543833.4289038456,0
312,664405.8619114052,3548336.1476784782,5
313,665700.7382758837,3546035.4840584197,5
314,668090.7795054951,3548402.2541030538,5
315,669380.0338822488,3548864.5351348189,0
316,667103.3032900277,3555670.8365656175,4
317,669380.0338822488,3548864.5351348189,0
318,667289.2480608582,3544422.9762068521,5
319,672721.3321397515,3545819.1908953344,0
320,678467.4483214696,3547308.5901482198,0
321,661657.8821218081,3540170.9996517748,3
322,669665.2033752953,3548706.3960799258,0
323,679059.0597316761,3553622.5011936915,7
324,668291.5393391724,3547864.986989398,5
325,672177.8510195817,3559248.6479595359,7
326,681722.7222242039,3549803.5349232252,0
327,681957.1708542637,3549357.6319829626,0
328,672684.9777776829,3535379.3389602397,6
329,663444.3662398923,3546759.1824884163,5
330,667648.7415671481,3542529.0097044664,5
331,668291.5393391724,3547864.986989398,5
332,668497.1539720802,3544302.0362752471,5
333,665113.0181814338,3554047.1611553072,4
334,667664.7121039829,3539798.1803062013,3
335,669380.0338822488,3548864.5351348189,0
336,662573.8188868109,3539519.1684447471,3
337,671957.8109906231,3538121.5015339209,6
338,665297.0406350186,3555346.5094283861,4
339,674825.6539548028,3544069.6685804646,0
340,679522.2444716925,3548828.8528523138,0
341,681722.7222242039,3549803.5349232252,0
342,654468.0798230611,3549815.6185598387,1
343,675544.7677086317,3544298.6888459832,0
344,665237.2639643236,3553319.8087833319,4
345,674825.6539548028,3544069.6685804646,0
346,662477.4471900248,3543999.8321650298,1
347,672433.6264682836,3545831.5994680021,0
348,674825.6539548028,3544069.6685804646,0
349,665457.4265400351,3539050.646625008,3
350,672412.6268098846,3536998.251951817,6
351,662573.8188868109,3539519.1684447471,3
352,669416.9280826122,3532065.8925799127,6
353,677065.1236928906,3548585.5726243476,0
354,668367.5573251931,3549530.1472416371,4
355,665286.0509501657,3554212.5104597304,4
356,666288.6479285879,3540205.0453273952,3
357,669867.071708934,3548833.3621170763,0
358,673793.5141342125,3537792.6239588191,6
359,668348.7087116553,3549454.0526991012,4
360,673793.5141342125,3537792.6239588191,6
361,671495.5696355394,3539263.8290464627,6
362,674688.8497745194,3544884.134296929,0
363,675786.3300828591,3555652.8845229321,7
364,681980.1478422206,3560555.2238468616,7
365,669380.0338822488,3548864.5351348189,0
366,679758.9437946726,3554359.1459439197,7
367,663744.0518688435,3552272.2810470574,4
368,670325.8972975244,3554064.694245338,4
369,665700.7382758837,3546035.4840584197,5
370,666421.6388441582,3551617.5540063675,4
371,669676.2244247108,3549894.6786873033,0
372,663477.7494855376,3541585.1283135675,3
373,669380.0338822488,3548864.5351348189,0
374,669380.0338822488,3548864.5351348189,0
375,669380.0338822488,3548864.5351348189,0
376,669380.0338822488,3548864.5351348189,0
377,671416.1369719288,3552846.8207544489,4
378,671495.5696355394,3539263.8290464627,6
379,668654.4961519409,3535003.2583451951,6
380,669380.0338822488,3548864.5351348189,0
381,667620.2964156789,3546559.5966356355,5
382,666133.71176818,3546762.9017439284,5
383,669380.0338822488,3548864.5351348189,0
384,661192.7227747315,3545698.0246641473,1
385,675483.8706717682,3549707.8300870243,0
386,659926.5732113014,3544256.4539553765,1
387,659926.5732113014,3544256.4539553765,1
388,669380.0338822488,3548864.5351348189,0
389,660504.3751240434,3546973.6382523067,1
390,660119.134334001,3544138.5131430384,1
391,659877.0304207709,3543925.1977321012,1
392,675170.1971788744,3544871.5425512712,0
393,653102.9458638701,3549641.2956103906,1
394,659926.5732113014,3544256.4539553765,1
395,675483.8706717682,3549707.8300870243,0
396,666889.8790887697,3545505.9070035107,5
397,669278.1329578802,3553900.0985389855,4
398,668064.7421855084,3549490.8682984095,4
399,659947.6239964674,3544015.0627848436,1
400,675483.8706717682,3549707.8300870243,0
401,668854.0799853817,3547033.6974616591,5
402,668192.6283835832,3548044.9894570755,5
403,665114.2628347462,3546093.6302562398,5
404,664683.8776576052,3552349.1744994661,4
405,659926.5732113014,3544256.4539553765,1
406,659926.5732113014,3544256.4539553765,1
407,659926.5732113014,3544256.4539553765,1
408,667463.3618414927,3552810.8365503238,4
409,668200.9589145468,3533172.9952079109,6
410,669380.0338822488,3548864.5351348189,0
411,667850.0495364177,3557238.502297577,4
412,675929.3290195673,3549707.727251926,0
413,675483.8706717682,3549707.8300870243,0
414,671148.7158680569,3562790.4745276901,7
415,670821.9749985278,3555152.3947155438,4
416,667952.6290370785,3545344.7735620411,5
417,668530.2663215578,3548940.2164908722,5
418,681775.9146604242,3556505.552686668,7
419,673793.5141342125,3537792.6239588191,6
420,671732.296506937,3551574.4330720897,0
421,677065.1236928906,3548585.5726243476,0
422,665757.3661389441,3552619.72644265,4
423,669380.0338822488,3548864.5351348189,0
424,666036.7805551201,3546471.8241023817,5
425,663105.9859977786,3547846.6519600675,5
426,663999.1701175431,3546644.9402574436,5
427,671734.4945961935,3537045.4456223636,6
428,666286.1921209858,3539162.0201196633,3
429,669940.7240041108,3547500.4814642412,0
430,663614.569183058,3546618.7738372069,5
431,681283.1286755069,3558212.0931022605,7
432,664807.3716662794,3532536.6062693023,3
433,664807.3716662794,3532536.6062693023,3
434,682823.2903476111,3556095.5106381979,7
435,670253.8678786533,3536665.8195781754,6
436,673639.9866565032,3551423.3287698906,0
437,668756.7937646981,3546724.847123452,5
438,665237.1747424735,3534526.4614107152,3
439,677720.0845924075,3559821.7068545632,7
440,665237.1747424735,3534526.4614107152,3
441,675483.8706717682,3549707.8300870243,0
442,669380.0338822488,3548864.5351348189,0
443,666692.8743587793,3542484.4119025213,5
444,663973.6408796638,3544113.667204719,5
445,674008.7244396543,3553449.8233103878,7
446,669380.0338822488,3548864.5351348189,0
447,664249.1121127268,3545769.8095166176,5
448,671627.1393411519,3539608.0660204077,6
449,664913.2513372616,3546080.6036277246,5
450,674059.2169421494,3536749.5947091808,6
451,672383.8222441727,3535874.3957698424,6
452,674741.7901391214,3545587.3143072193,0
453,672977.3081148166,3559406.1784913368,7
454,669450.6223906883,3554143.8347405302,4
455,669363.1824558798,3551495.3305533216,4
456,661375.3891572524,3539875.3563909288,3
457,675485.4712808721,3546060.6035113209,0
458,667675.8052851001,3544599.893758018,5
459,669230.9823884786,3553108.6504476499,4
460,668042.3767257029,3546719.7917480255,5
461,680032.0755041592,3550745.3479917115,7
462,661885.24245287,3539577.6520026522,3
463,673793.5141342125,3537792.6239588191,6
464,676013.7723387534,3541402.3792333668,6
465,669380.0338822488,3548864.5351348189,0
466,665727.7132591188,3538273.0617190194,3
467,681695.0235258493,3553933.2486360692,7
468,672057.5565924657,3552610.3181197061,0
469,669380.0338822488,3548864.5351348189,0
470,670770.7410015827,3530892.823899081,6
471,669380.0338822488,3548864.5351348189,0
472,664378.0736219175,3553611.6846118071,4
473,676356.669647078,3548799.797933137,0
474,663858.5317771004,3547811.7926723659,5
475,673793.5141342125,3537792.6239588191,6
476,672422.2156615967,3562030.6982860332,7
477,675929.3290195673,3549707.727251926,0
478,669380.0338822488,3548864.5351348189,0
479,669380.0338822488,3548864.5351348189,0
480,675929.3290195673,3549707.727251926,0
481,663721.4624855143,3548026.4127746518,5
482,669380.0338822488,3548864.5351348189,0
483,669097.1860061382,3549352.5922411918,0
484,662998.5902203538,3569490.4057015791,2
485,667414.475650002,3547975.4722220902,5
486,664516.6973261428,3547683.143197035,5
487,669097.1860061382,3549352.5922411918,0
488,673975.1646305253,3547877.7685060613,0
489,662393.0140441464,3542332.5802043211,3
490,672746.3893765199,3553105.760107141,0
491,673793.5141342125,3537792.6239588191,6
492,669029.3848589282,3560046.4172193795,7
493,671477.8908172343,3546401.4282664172,0
494,669249.9255481731,3545049.2998519633,5
495,668939.7882228805,3550441.566536631,4
496,667003.5047929093,3548193.8618415142,5
497,669043.2693156055,3550247.6638969379,4
498,666036.7805551201,3546471.8241023817,5
499,670336.2350967011,3553917.6438171226,4
500,668043.7888123313,3547334.5164155811,5
501,675929.3290195673,3549707.727251926,0
502,679758.9437946726,3554359.1459439197,7
503,662422.2614722683,3544158.5183879822,1
504,668588.2776272928,3546021.9222788019,5
505,683193.00157928,3552537.9552868502,7
506,670287.752229566,3554949.4340354269,4
507,669230.9823884786,3553108.6504476499,4
508,672721.3321397515,3545819.1908953344,0
509,681105.1276906097,3549069.3158316836,0
510,669380.0338822488,3548864.5351348189,0
511,670586.344976279,3548046.8018541522,0
512,671309.7457112258,3557447.9529889086,7
513,667478.2729777131,3544946.2622700115,5
514,655889.0428339543,3562535.8953453107,2
515,669185.1410470944,3549781.1174502429,4
516,677826.5464973076,3539422.0631447905,6
517,681640.7350171767,3550648.9374551317,7
518,673379.2347414952,3544596.766854817,0
519,676956.9723891427,3554298.7042039605,7
520,666581.23824746,3544494.3319462943,5
521,669380.0338822488,3548864.5351348189,0
522,678023.8238243884,3549920.9083011793,0
523,669380.0338822488,3548864.5351348189,0
524,664725.1918968282,3546563.1278297566,5
525,677709.5827771113,3557892.2265114062,7
526,660042.6988374272,3558456.6587279025,2
527,669247.653718539,3554213.7102231472,4
528,681416.1608896016,3549250.6439377801,0
529,677565.2411809243,3559483.8720419323,7
530,672045.6788328269,3546985.0467660702,0
531,662453.6530249987,3538052.6810240862,3
532,662739.2193824829,3541080.5978118437,3
533,680048.3241597102,3555182.9339869767,7
534,671568.2546330255,3562586.5550725921,7
535,665253.7784575452,3540792.0557412044,3
536,665975.2926646052,3533174.7520111455,3
537,667569.4001087495,3555365.674179296,4
538,680032.0755041592,3550745.3479917115,7
539,669635.827957454,3543198.6878853808,5
540,663260.0593825809,3540769.7140229,3
541,671871.4491301206,3534526.4381193602,6
542,667788.868798722,3551175.1022136505,4
543,662393.0140441464,3542332.5802043211,3
544,665837.845106372,3545673.2129487209,5
545,666964.2068518964,3547780.5614364282,5
546,675416.2633673114,3537410.0153215928,6
547,661367.1662425051,3538854.2945512477,3
548,664321.1370389148,3541536.9314173693,3
549,678974.0512903177,3558802.8987329477,7
550,678495.7733626803,3549278.8953038482,0
551,671129.646440089,3558150.6307097482,7
552,663152.4848616173,3539426.4546077359,3
553,680242.5809474032,3557853.5929762106,7
554,678495.7733626803,3549278.8953038482,0
555,669854.1647809369,3554606.3200010951,4
556,666234.221158006,3543887.1320184488,5
557,667397.6646669605,3545282.245441427,5
558,671177.1896202893,3559045.8341315091,7
559,664805.8125095656,3546259.6194843352,5
560,675459.9928458859,3538316.6623714864,6
561,667569.4001087495,3555365.674179296,4
562,665229.8994849051,3555179.9969900372,4
563,675651.8833997208,3541903.7431967524,6
564,656712.0730421657,3538427.0100394245,3
565,667479.5796533686,3543848.9120644596,5
566,668994.9521814301,3536632.5071099643,6
567,671682.4512389119,3555098.4864060027,7
568,662197.5981819201,3548078.4934919076,1
569,669380.0338822488,3548864.5351348189,0
570,669380.0338822488,3548864.5351348189,0
571,665538.9448225154,3546978.4592658808,5
572,671170.008086069,3558195.763983944,7
573,663146.6881921854,3543780.3173960112,5
574,669380.0338822488,3548864.5351348189,0
575,666747.1857469481,3542736.0947662098,5
576,678765.9074189146,3553835.2322313655,7
577,673518.2176639084,3545675.8061626125,0
578,669380.0338822488,3548864.5351348189,0
579,669380.0338822488,3548864.5351348189,0
580,677750.4394391612,3553583.7318413691,7
581,678219.6819281086,3553368.8164142449,7
582,666127.942198053,3541208.8945863168,3
583,669380.0338822488,3548864.5351348189,0
584,669730.5223382637,3556641.3947535679,4
585,667113.4178008919,3554148.6087781494,4
586,671214.2184283066,3548790.6062514652,0
587,669258.4434578787,3548806.7061124993,0
588,669230.9823884786,3553108.6504476499,4
589,665894.3276390417,3538322.2682063067,3
590,681849.2349822363,3560524.4288903251,7
591,670691.2697128523,3540347.8473429563,6
592,665262.9822406996,3567780.5696915146,2
593,672183.13232545,3554473.3761614677,7
594,670103.6607137009,3553034.5571633978,4
595,679004.2531872244,3550088.6882304363,0
596,660845.3569950764,3544955.4639293384,1
597,680333.5475430563,3548252.879642623,0
598,671568.2546330255,3562586.5550725921,7
599,664702.2556012382,3551084.2688461537,4
600,665664.8212733561,3546116.5656276857,5
601,666998.668402194,3542754.6558613107,5
602,670040.2355950121,3542691.9783713953,5
603,662004.4113952366,3539074.1265851143,3
604,669380.0338822488,3548864.5351348189,0
605,651585.0706690627,3541580.6957870442,1
606,673722.9015862659,3531132.5687220637,6
607,676012.6701532358,3561999.7402425748,7
608,671261.6510280631,3562635.8957913588,7
609,676456.9332289873,3536463.0759577518,6
610,669380.0338822488,3548864.5351348189,0
611,672812.5212208217,3558416.0187963345,7
612,678819.7009697657,3559079.7419428779,7
613,666374.9069562797,3546347.4150398844,5
614,677676.2612958372,3554925.4443730977,7
615,671584.1232861963,3562587.293847498,7
616,671078.0788272481,3556601.702868145,7
617,670254.3104701138,3554152.2478873581,4
618,672866.5138177616,3539050.5519184666,6
619,667209.1636210638,3544033.9685852202,5
620,669380.0338822488,3548864.5351348189,0
621,679580.6693303344,3548818.7558927168,0
622,668571.2578995565,3546612.1474061469,5
623,675929.3290195673,3549707.727251926,0
624,667569.4001087495,3555365.674179296,4
625,662874.1873212614,3550299.841443893,4
626,678495.7733626803,3549278.8953038482,0
627,676697.656307144,3535792.8566175601,6
628,673705.315276599,3556728.7094689789,7
629,671504.0990090244,3556077.2481050878,7
630,668385.8509817987,3539694.7877030945,6
631,662129.0299975532,3544953.7904976285,1
632,669380.0338822488,3548864.5351348189,0
633,669380.0338822488,3548864.5351348189,0
634,671568.2546330255,3562586.5550725921,7
635,668439.7716226559,3547623.2221719972,5
636,664053.6722269014,3553263.6043640552,4
637,669133.3500657075,3546243.0082833036,5
638,668261.3897402688,3533934.4648949471,6
639,672543.9718277148,3556367.4986487059,7
640,665587.2854691816,3555173.0072809765,4
641,671261.6510280631,3562635.8957913588,7
642,669380.0338822488,3548864.5351348189,0
643,666938.0278058979,3543459.2892798386,5
644,673901.7406771522,3547782.8496924904,0
645,674790.7351182988,3556176.9998171553,7
646,665663.4089085892,3555539.6021816032,4
647,667719.5522147871,3550986.2241510628,4
648,669380.0338822488,3548864.5351348189,0
649,669380.0338822488,3548864.5351348189,0
650,672439.3572062594,3535542.3748507104,6
651,668029.5522018594,3545516.8075390672,5
652,673600.8358739568,3545323.0443413504,0
653,653102.9458638701,3549641.2956103906,1
654,663704.5293550516,3542866.3045079694,3
655,669380.0338822488,3548864.5351348189,0
656,678624.6210123303,3551439.4670210448,7
657,674175.0883881955,3535165.8574016457,6
658,669380.0338822488,3548864.5351348189,0
659,650432.567959805,3545852.6116543519,1
660,667893.7428716742,3546769.3769692979,5
661,659442.9735693379,3541532.5595500022,1
662,667048.5201575262,3546541.4265533071,5
663,661763.6073711491,3538743.5230251793,3
664,669380.0338822488,3548864.5351348189,0
665,678302.0247907278,3559429.1368623362,7
666,668391.4788980918,3556043.6556243761,4
667,669380.0338822488,3548864.5351348189,0
668,667310.3028819354,3550434.5950330258,4
669,674448.0683670822,3544268.3157776389,0
670,662036.0699422386,3538218.1314564589,3
671,677750.4394391612,3553583.7318413691,7
672,666320.8083177921,3548238.5071520112,5
673,666320.8083177921,3548238.5071520112,5
674,658489.8457353547,3537464.9609357393,3
675,680502.2501270159,3553461.9905692711,7
676,673047.4106222058,3547955.28747566,0
677,663644.40483904,3552864.5713828853,4
678,669380.0338822488,3548864.5351348189,0
679,671201.9212996592,3551687.7505713608,0
680,664850.0925383214,3543308.7423678604,5
681,667987.7320800672,3550656.9815673586,4
682,661707.4759520034,3553919.6151236929,4
683,665082.6897948124,3540840.2088042102,3
684,667938.940468481,3555796.6766793183,4
685,668393.2912152419,3545345.7416978562,5
686,661213.0345012143,3538656.4559746096,3
687,662318.1605510048,3539532.8408494098,3
688,672721.2985789458,3546537.553742053,0
689,666299.8200084327,3551673.2699351264,4
690,665569.3047661474,3540288.7412723335,3
691,670884.7921325529,3541433.434606771,6
692,672803.4391673151,3535726.7855153037,6
693,664363.054844261,3544521.4294881225,5
694,665357.4697457257,3534366.5081116734,3
695,679004.2531872244,3550088.6882304363,0
696,669380.0338822488,3548864.5351348189,0
697,668324.6922719493,3547388.9765374344,5
698,669380.0338822488,3548864.5351348189,0
699,677352.5838351973,3554784.1960693067,7
700,671795.3715131559,3551576.6051734202,0
701,672669.7210817649,3541926.375185139,6
702,673631.8368188429,3558724.7648310019,7
703,658403.7212372882,3537531.2349479911,3
704,669380.0338822488,3548864.5351348189,0
705,673609.782956827,3562413.5544111803,7
706,678495.7733626803,3549278.8953038482,0
707,672203.0138693396,3541799.4293222595,6
708,669380.0338822488,3548864.5351348189,0
709,671871.4491301206,3534526.4381193602,6
710,651585.0706690627,3541580.6957870442,1
711,665769.276196511,3542455.9677253026,5
712,669370.1922957906,3556865.3248908799,4
713,662726.2078522261,3543328.8135913168,3
714,669380.0338822488,3548864.5351348189,0
715,672504.8995893123,3554399.3931824127,7
716,662890.7484697844,3545530.7924376465,5
717,660719.1790545316,3547930.2234035796,1
718,673338.2660731544,3544966.3950163135,0
719,680235.5652094807,3547897.5117961988,0
720,669380.5268393891,3562963.3609229582,2
721,657454.4688694773,3538817.6080571949,3
722,669755.7859297618,3532707.3688936555,6
723,674272.0235192648,3533765.1075344072,6
724,666320.8083177921,3548238.5071520112,5
725,672803.4391673151,3535726.7855153037,6
726,672812.5212208217,3558416.0187963345,7
727,669635.685942442,3541818.3874116014,6
728,671408.2671097839,3562031.6766217891,7
729,673584.4636849427,3547882.7675731573,0
730,673044.8833118784,3556778.5456071114,7
731,668573.4182207027,3547083.6353216884,5
732,665854.8857641671,3555636.5658570151,4
733,670012.1921708225,3545871.3242073734,0
734,658039.3648957848,3561129.1879826463,2
735,678604.4361404886,3549424.0276384302,0
736,679004.2531872244,3550088.6882304363,0
737,680768.41943569,3549399.488646409,0
738,670103.6607137009,3553034.5571633978,4
739,662781.7898527036,3548642.7515612217,5
740,662679.4362788749,3547775.5809671539,5
741,666813.2790520519,3553739.4918407383,4
742,681594.4007730999,3560394.2719667405,7
743,670178.1613963452,3542933.0027954644,5
744,668148.5068656597,3549919.3219540105,4
745,671568.2546330255,3562586.5550725921,7
746,670524.1497900502,3556802.2546857265,4
747,671408.2671097839,3562031.6766217891,7
748,668634.9085989852,3546467.5166042945,5
749,668957.2817183521,3545082.4858797099,5
750,662563.507978078,3538220.7623088262,3
751,672637.5466834212,3558649.4147246163,7
752,679559.6099720869,3558753.4146259804,7
753,667643.7254063645,3547188.1141656418,5
754,665664.8212733561,3546116.5656276857,5
755,673680.1506413596,3531980.7607703949,6
756,677676.2612958372,3554925.4443730977,7
757,660294.7556848042,3544234.0598108727,1
758,682040.9088240264,3558267.052463932,7
759,661639.9381153488,3538397.0307996511,3
760,669380.0338822488,3548864.5351348189,0
761,669380.0338822488,3548864.5351348189,0
762,669380.0338822488,3548864.5351348189,0
763,671008.4365277224,3558688.8575352477,7
764,671527.9649091412,3545619.7588741779,0
765,671759.4512577299,3553927.0879096119,4
766,664577.5220597138,3539561.5828974214,3
767,661983.3849969953,3541649.1755207558,3
768,675568.3777957357,3536801.5920347609,6
769,667100.0022218573,3550006.4014994935,4
770,673167.3383694154,3562895.349884952,7
771,672669.7210817649,3541926.375185139,6
772,669380.0338822488,3548864.5351348189,0
773,675696.4804718106,3548309.7838758631,0
774,669380.0338822488,3548864.5351348189,0
775,677546.3928792848,3554393.9032064602,7
776,673855.0778225739,3559413.3459333521,7
777,661644.655418576,3540170.2347552273,3
778,663266.9452583576,3538095.9698025179,3
779,653122.0974465711,3549797.6742434511,1
780,671160.5936603118,3547564.6287250337,0
781,666092.7157312451,3551285.8680552053,4
782,670682.2962799539,3544314.8463248885,0
783,665021.6934808651,3544868.7712644171,5
784,669380.0338822488,3548864.5351348189,0
785,672156.6777838946,3534506.169627992,6
786,669380.0338822488,3548864.5351348189,0
787,668148.1248512829,3548118.7060258095,5
788,671906.2351019001,3537537.3582396721,6
789,669380.0338822488,3548864.5351348189,0
790,669380.0338822488,3548864.5351348189,0
791,665894.9073632574,3555918.6998107806,4
792,672986.6931057033,3559195.9806662733,7
793,663214.6854235717,3548574.2170680133,5
794,666137.711627027,3549867.52529637,4
795,676886.9857476489,3540261.1210714853,6
796,671292.8545014544,3562624.2695742459,7
797,670691.2697128523,3540347.8473429563,6
798,677172.1917811814,3537944.4473397299,6
799,671027.0236307848,3557229.3300477341,7
